final_loss: 0.6031715571880341
final_sar: 1.7604054808616638
final_sdr: 1.7604054808616638
final_sir: -0.37123043835163116
